# Created by Octave 3.8.0, Wed Feb 19 17:53:11 2020 CET <kvpb@Karl Bertin's MacBook>
# name: X_poly
# type: matrix
# rows: 12
# columns: 9
 1 -0.3621407755412497 -0.7550866884979648 0.1822258762983717 -0.7061899080085106 0.3066179172274692 -0.5908776729559334 0.3445157970605313 -0.5084811650860852
 1 -0.803204844702229 0.001258252658559251 -0.247936991401623 -0.3270234197799032 0.09339631866080406 -0.4358176063416109 0.2554161155426412 -0.4489124930894809
 1 1.377467000760435 0.5848267151130089 1.249768563817984 0.2453119741020915 0.9783596959055598 -0.01215569763085709 0.7565684836629855 -0.1703521137486631
 1 1.420939875827571 0.7066467539249011 1.359845593736974 0.3955340384232223 1.106161777698471 0.1256371348325461 0.8719290812919359 -0.05963769298122427
 1 -1.434148529972745 1.853999818841501 -2.037163082814293 2.331431334036033 -2.411536263700086 2.602211953688403 -2.645674508642027 2.766085250923535
 1 -0.1286870863322529 -0.9759687758904457 0.2513850750802742 -0.7396868694144579 0.3169529284764798 -0.594996629736341 0.3458118123283451 -0.5089553483781416
 1 0.6805815522935578 -0.7800289507967925 0.3406557376221171 -0.7117211154515242 0.3265091310654732 -0.5917901785248182 0.3468299962314445 -0.5086130481938527
 1 -0.9885343096784663 0.4513580038396703 -0.6012818710183137 0.0929171228194713 -0.2184729476897172 -0.1416084742403421 0.03940349250940076 -0.2666926878787553
 1 0.2160757526169341 -1.074992762740162 0.2662751564834966 -0.7433690470308401 0.3175613914018958 -0.5951292450791141 0.345834897726334 -0.5089600505484848
 1 -1.31150067606806 1.422805951096583 -1.548120936054603 1.493396249960199 -1.515907665746287 1.388654780609539 -1.368306639331684 1.224143526558069
 1 0.4037767356246111 -1.015010385263686 0.2733785105231983 -0.7419765468341422 0.3177419820943094 -0.595098361102848 0.3458391148600328 -0.5089593767807409
 1 0.929375305171894 -0.4198079322851708 0.5109683677264165 -0.58862381282164 0.3826157346056288 -0.559030003518623 0.3618323567600595 -0.5006648007961744

This matrix differs from the two same previous ones from column 3 onwards. The output of diff wasn't that great. Inspecting each element with Command-C, Command-F, Command V, I realized the differences come from the last decimals. It seems the iterative implementation doesn't round values quite like the vectorization. Nonetheless, I took the risk to submit, and I passed.
