# Created by Octave 3.8.0, Wed Feb 19 17:51:45 2020 CET <kvpb@Karl Bertin's MacBook>
# name: X_poly
# type: matrix
# rows: 12
# columns: 9
 1 -0.3621407755412497 -0.7550866884979648 0.1822258762983716 -0.7061899080085106 0.3066179172274691 -0.5908776729559333 0.3445157970605314 -0.5084811650860852
 1 -0.803204844702229 0.001258252658559251 -0.247936991401623 -0.3270234197799032 0.09339631866080407 -0.4358176063416109 0.2554161155426412 -0.4489124930894809
 1 1.377467000760435 0.5848267151130089 1.249768563817984 0.2453119741020917 0.9783596959055597 -0.01215569763085709 0.7565684836629855 -0.170352113748663
 1 1.420939875827571 0.7066467539249011 1.359845593736974 0.3955340384232223 1.106161777698471 0.1256371348325461 0.8719290812919359 -0.05963769298122427
 1 -1.434148529972745 1.853999818841501 -2.037163082814293 2.331431334036033 -2.411536263700085 2.602211953688403 -2.645674508642027 2.766085250923534
 1 -0.1286870863322529 -0.9759687758904457 0.2513850750802741 -0.7396868694144579 0.3169529284764797 -0.594996629736341 0.3458118123283452 -0.5089553483781416
 1 0.6805815522935578 -0.7800289507967925 0.340655737622117 -0.7117211154515242 0.3265091310654731 -0.5917901785248181 0.3468299962314446 -0.5086130481938527
 1 -0.9885343096784663 0.4513580038396703 -0.6012818710183134 0.0929171228194713 -0.2184729476897172 -0.141608474240342 0.03940349250940084 -0.2666926878787553
 1 0.2160757526169341 -1.074992762740162 0.2662751564834965 -0.7433690470308401 0.3175613914018957 -0.595129245079114 0.3458348977263341 -0.5089600505484848
 1 -1.31150067606806 1.422805951096583 -1.548120936054603 1.4933962499602 -1.515907665746288 1.38865478060954 -1.368306639331684 1.22414352655807
 1 0.4037767356246111 -1.015010385263686 0.2733785105231982 -0.7419765468341422 0.3177419820943093 -0.5950983611028479 0.3458391148600328 -0.5089593767807409
 1 0.929375305171894 -0.4198079322851708 0.5109683677264163 -0.58862381282164 0.3826157346056287 -0.5590300035186229 0.3618323567600595 -0.5006648007961744


